| Data       | Temperatura Máxima (°C)  | Temperatura Mínima (°C)  | Chuva (mm) | Velocidade do Vento (km/h) |
|------------|--------------------------|--------------------------|------------|----------------------------|
| 2024-10-21 | 30.6                     | 19.6                     | 11.7       | 6.8                        |
| 2024-10-22 | 34.7                     | 17.0                     | 8.1        | 15.7                       |
| 2024-10-23 | 33.1                     | 16.4                     | 24.9       | 16.4                       |
| 2024-10-24 | 32.2                     | 21.7                     | 10.7       | 13.4                       |
| 2024-10-25 | 29.1                     | 21.8                     | 8.4        | 16.6                       |
| 2024-10-26 | 29.1                     | 20.9                     | 16.3       | 12.4                       |
| 2024-10-27 | 28.4                     | 17.8                     | 4.2        | 12.8                       |
| 2024-10-28 | 34.1                     | 16.6                     | 24.1       | 11.4                       |
| 2024-10-29 | 32.2                     | 20.1                     | 2.2        | 5.4                        |
| 2024-10-30 | 33.0                     | 18.6                     | 29.6       | 6.6                        |
| 2024-10-31 | 28.1                     | 16.7                     | 23.2       | 5.5                        |
| 2024-11-01 | 34.8                     | 19.0                     | 6.0        | 14.5                       |
| 2024-11-02 | 33.8                     | 16.2                     | 0.2        | 9.7                        |
| 2024-11-03 | 29.5                     | 21.5                     | 24.5       | 12.6                       |
| 2024-11-04 | 29.3                     | 17.6                     | 21.2       | 18.6                       |
| 2024-11-05 | 29.3                     | 20.0                     | 21.9       | 8.7                        |
| 2024-11-06 | 30.1                     | 17.9                     | 23.1       | 11.2                       |
| 2024-11-07 | 31.7                     | 19.1                     | 2.2        | 16.3                       |
| 2024-11-08 | 31.0                     | 19.3                     | 10.8       | 8.4                        |
| 2024-11-09 | 30.0                     | 17.1                     | 3.5        | 6.2                        |
| 2024-11-10 | 32.3                     | 21.8                     | 25.9       | 9.3                        |
| 2024-11-11 | 29.0                     | 20.7                     | 18.7       | 7.4                        |
| 2024-11-12 | 30.0                     | 21.6                     | 9.9        | 18.9                       |
| 2024-11-13 | 30.6                     | 21.4                     | 1.9        | 17.1                       |
| 2024-11-14 | 31.2                     | 19.6                     | 9.3        | 14.5                       |
| 2024-11-15 | 33.5                     | 21.5                     | 9.8        | 18.1                       |
| 2024-11-16 | 29.4                     | 16.5                     | 21.9       | 17.1                       |
| 2024-11-17 | 31.6                     | 17.2                     | 19.1       | 7.8                        |
| 2024-11-18 | 32.1                     | 16.3                     | 26.6       | 18.4                       |
| 2024-11-19 | 28.3                     | 18.0                     | 14.2       | 13.1                       |

